80
22
23
24
27
28
122
123
49
50
51
52
53
61
62
65
230
229
25
26
29
69
70
228
199
200
201
202
203
204
205
206
207
208
95
96
94
235
81
83
84
126
129
30
28
68
124
121
215
210
214
209
227
222
216
198
168
71
72
85
86
88
75
66
67
68
87
77
90
91
92
73
74
88
89
90
91
92
93
94
95
96
97
58
210
211
212
213
214
193
194
195
196
197
167
236
228
229
230
231
87
67
68
69
28
29
30
110
105
72
82
85
86
54
55
76
217
218
219
127
231
232
233
234
220
221
222
125
111
112
113
114
115
116
31
32
223
224
225
118
78
79
119
120
226
76
80
22
23
24
27
28
122
123
49
50
51
52
53
61
62
65
230
229
25
26
70
228
199
200
201
202
203
204
205
206
207
208
95
96
94
235
81
83
84
126
129
30
124
121
215
210
209
227
216
198
168
71
75
66
67
68
77
73
74
88
89
90
91
92
93
97
58
211
212
213
214
193
194
195
196
197
167
236
87
69
29
110
105
72
82
85
86
54
55
117
22
23
24
25
26
27
28
29
30
31
32
49
50
51
52
53
54
55
58
61
62
65
66
67
68
69
70
71
72
73
74
75
76
77
78
79
80
81
82
83
84
85
86
87
88
89
90
91
92
93
94
95
96
97
105
110
111
112
113
114
115
116
117
118
119
120
121
122
123
124
125
126
127
129
167
168
193
194
195
196
197
198
199
200
201
202
203
204
205
206
207
208
209
210
211
212
213
214
215
216
217
218
219
220
221
222
223
224
225
226
227
228
229
230
231
232
233
234
235
236
222
223
224
225
118
116
78
79
80
119
120
121
226
76
80
22
23
24
27
28
122
123
49
50
51
52
53
61
62
65
230
229
25
26
69
70
228
199
200
201
202
203
204
205
206
207
208
95
96
94
235
81
83
84
126
129
30
68
124
121
215
210
214
209
227
222
216
198
168
71
72
75
66
67
68
87
77
90
91
92
73
74
88
89
90
91
92
93
94
95
96
97
58
210
211
212
213
214
193
194
195
196
197
167
236
228
229
230
231
87
69
29
110
105
72
82
85
86
54
55
117
