926.21874975
927.05468725
927.89062475
929.56249975
930.39843725
931.23437475
932.90624975
933.74218725
934.57812475
935.41406225
936.24999975
937.08593725
937.92187475
938.75781225
938.75781225
939.59374975
940.42968725
941.26562475
942.93749975
943.77343725
944.60937475
946.28124975
947.11718725
947.95312475
949.62499975
950.46093725
951.29687475
952.96874975
953.80468725
954.64062475
956.31249975
957.14843725
957.98437475
959.65624975
960.49218725
961.32812475
962.99999975
963.83593725
964.67187475
1023.18749975
1024.02343725
1024.85937475
1026.53124975
1027.36718725
1028.20312475
1029.87499975
1030.71093725
1031.54687475
1049.93749975
1050.77343725
1051.60937475
1083.37499975
1084.21093725
1085.04687475
1086.71874975
1087.55468725
1088.39062475
1089.22656225
1089.22656225
1090.06249975
1090.89843725
1091.73437475
1092.57031225
1092.57031225
1093.40624975
1094.24218725
1095.07812475
1096.74999975
1097.58593725
1098.42187475
1100.09374975
1100.92968725
1101.76562475
1102.60156225
1102.60156225
1103.43749975
1104.27343725
1105.10937475
1106.78124975
1107.61718725
1108.45312475
1110.12499975
1110.96093725
1111.79687475
1116.81249975
1117.64843725
1118.48437475
1120.15624975
1120.99218725
1121.82812475
1123.49999975
1124.33593725
1125.17187475
1126.84374975
1127.67968725
1128.51562475
1133.53124975
1134.36718725
1135.20312475
1136.03906225
1136.03906225
1136.87499975
1137.71093725
1138.54687475
1140.21874975
1141.05468725
1141.89062475
1143.56249975
1144.39843725
1145.23437475
1150.24999975
1151.08593725
1151.92187475
1170.31249975
1171.14843725
1171.98437475
1173.65624975
1174.49218725
1175.32812475
1176.99999975
1177.83593725
1178.67187475
1180.34374975
1181.17968725
1182.01562475
1237.18749975
1238.02343725
1238.85937475
1240.53124975
1241.36718725
1242.20312475
1243.87499975
1244.71093725
1245.54687475
1247.21874975
1248.05468725
1248.89062475
1250.56249975
1251.39843725
1252.23437475
1253.90624975
1254.74218725
1255.57812475
1257.24999975
1258.08593725
1258.92187475
1260.59374975
1261.42968725
1262.26562475
1263.93749975
1264.77343725
1265.60937475
1267.28124975
1268.11718725
1268.95312475
1270.62499975
1271.46093725
1272.29687475
1273.96874975
1274.80468725
1275.64062475
1277.31249975
1278.14843725
1278.98437475
1287.34374975
1288.17968725
1289.01562475
1417.74999975
1418.58593725
1419.42187475
1518.06249975
1518.89843725
1519.73437475
1521.40624975
1522.24218725
1523.07812475
1524.74999975
1525.58593725
1526.42187475
1527.25781225
1527.25781225
1528.09374975
1528.92968725
1529.76562475
1531.43749975
1532.27343725
1533.10937475
1534.78124975
1535.61718725
1536.45312475
1538.12499975
1538.96093725
1539.79687475
1541.46874975
1542.30468725
1543.14062475
1544.81249975
1545.64843725
1546.48437475
1548.15624975
1548.99218725
1549.82812475
1551.49999975
1552.33593725
1553.17187475
1554.84374975
1555.67968725
1556.51562475
1558.18749975
1559.02343725
1559.85937475
1561.53124975
1562.36718725
1563.20312475
1571.56249975
1572.39843725
1573.23437475
1574.90624975
1575.74218725
1576.57812475
1578.24999975
1579.08593725
1579.92187475
1591.62499975
1592.46093725
1593.29687475
1594.96874975
1595.80468725
1596.64062475
1597.47656225
1597.47656225
1598.31249975
1599.14843725
1599.98437475
1600.82031225
1600.82031225
1601.65624975
1602.49218725
1603.32812475
1604.16406225
1604.16406225
1604.99999975
1605.83593725
1606.67187475
1607.50781225
1607.50781225
1608.34374975
1609.17968725
1610.01562475
1611.68749975
1612.52343725
1613.35937475
1615.03124975
1615.86718725
1616.70312475
1618.37499975
1618.37499975
1618.37499975
1618.37499975
1619.21093725
1619.21093725
1619.21093725
1619.21093725
1620.04687475
1620.04687475
1620.04687475
1620.04687475
1620.88281225
1620.88281225
1620.88281225
1621.71874975
1621.71874975
1621.71874975
1621.71874975
1622.55468725
1622.55468725
1622.55468725
1622.55468725
1623.39062475
1623.39062475
1623.39062475
1623.39062475
1624.22656225
1624.22656225
1624.22656225
1625.06249975
1625.06249975
1625.06249975
1625.06249975
1625.89843725
1625.89843725
1625.89843725
1625.89843725
1626.73437475
1626.73437475
1626.73437475
1626.73437475
1627.57031225
1627.57031225
1627.57031225
1628.40624975
1629.24218725
1630.07812475
1641.78124975
1642.61718725
1643.45312475
1646.79687475
1646.79687475
1646.79687475
